43 69
18 17 39 34 45 37 6 45 34 28 23 19 33 23 33 36 16 23 17 32 37 29 39 46 11 16 29 34 34 16 27 19 25 8 44 31 12 9 27 37 23 23 5 25 10 19 7 36 10 43 30 39 47 7 42 28 14 9 23 30 7 41 35 11 15 46 5 35 17
31 28 26 37 47 47 17 17 27 26 29 9 7 13 20 26 28 47 40 7 22 35 19 38 43 41 23 15 34 22 31 43 36 5 45 7 32 30 31 38 26 11 28 40 29 36 12 28 5 40 8 7 22 43 47 10 13 37 17 7 37 47 14 39 38 23 10 38 33
25 37 23 25 29 13 7 45 17 17 20 11 34 6 35 19 45 45 19 26 43 43 23 31 10 38 37 47 38 17 19 10 5 17 43 32 5 27 22 22 30 9 15 26 21 36 25 9 29 42 35 20 14 42 10 18 39 43 28 16 38 10 20 41 8 8 12 42 13
36 37 5 44 20 30 27 18 22 45 29 41 44 36 5 14 7 47 44 31 21 11 21 29 34 21 29 9 20 10 42 23 18 6 35 8 47 40 17 26 35 39 16 25 22 37 33 8 32 46 15 32 23 27 45 42 11 7 37 7 28 36 15 33 13 6 10 25 21
24 42 21 30 33 33 38 45 19 12 21 13 46 41 27 26 33 20 46 9 12 37 29 30 8 16 16 25 42 42 7 14 7 5 8 17 19 44 30 29 8 21 22 27 5 11 26 23 34 39 40 28 26 33 33 25 16 10 17 36 29 13 18 22 15 20 14 20 31
9 18 26 32 41 44 37 13 21 24 17 39 16 36 30 41 22 9 35 24 42 15 34 15 17 20 14 33 19 7 34 23 5 44 20 32 43 16 18 37 33 31 29 13 36 39 40 13 39 10 8 41 12 19 25 5 7 40 15 11 14 21 21 34 19 45 7 43 37
20 6 37 39 5 46 9 35 26 7 26 18 27 30 40 36 14 23 15 19 42 21 25 7 22 8 24 28 23 42 16 25 34 43 31 23 7 27 45 34 47 25 39 23 34 33 34 46 11 23 10 32 19 39 28 32 11 24 35 46 8 16 31 40 18 20 29 9 41
31 7 47 44 27 15 16 27 46 42 5 44 22 9 22 22 9 15 37 47 35 34 31 9 10 45 25 39 8 7 10 43 44 5 31 31 45 43 39 28 26 44 44 5 37 29 37 12 7 32 39 5 14 26 22 17 30 12 41 17 9 27 28 26 25 14 29 37 42
7 44 40 31 17 32 16 13 9 40 44 41 38 12 37 39 23 9 47 11 25 12 28 36 27 18 18 25 20 26 37 35 5 12 5 44 32 37 13 30 10 20 36 43 35 45 23 23 42 13 7 28 44 30 40 33 31 11 33 31 10 45 29 11 8 8 14 20 33
39 44 18 19 47 13 5 37 6 32 29 10 8 47 46 37 44 7 36 26 30 20 39 9 13 33 16 38 41 16 14 7 5 9 46 23 14 23 14 8 12 37 42 33 40 39 35 17 42 28 17 42 7 44 16 14 25 10 20 24 27 22 5 33 27 40 25 9 19
10 45 5 46 29 16 5 26 9 31 39 47 18 43 23 35 14 30 15 35 27 7 35 46 28 31 17 13 43 5 13 20 28 44 46 35 24 12 35 39 7 32 33 29 44 22 9 24 42 29 7 36 7 21 11 45 10 15 43 39 32 12 30 14 29 11 17 34 24
10 24 23 23 12 21 37 23 6 38 13 45 23 33 5 25 29 24 43 11 23 23 42 45 38 11 30 27 43 31 38 47 7 42 34 21 40 22 25 26 19 23 24 11 34 11 6 6 15 19 10 12 46 47 39 17 8 46 46 21 46 22 41 13 17 38 41 39 30
22 26 23 8 6 34 34 10 30 45 34 18 30 41 15 45 35 35 31 22 5 35 33 12 19 27 36 18 46 44 10 38 5 20 44 21 34 10 19 38 7 41 38 43 7 41 11 41 35 28 24 35 24 47 24 39 8 15 38 7 18 37 19 47 40 26 21 39 29
40 28 13 40 27 20 32 32 5 9 24 13 11 7 6 25 37 20 25 21 13 10 34 38 47 42 9 36 8 33 47 43 33 8 5 15 33 45 21 20 42 44 39 29 9 7 37 17 34 31 10 8 24 8 32 22 11 43 21 27 10 17 7 44 17 30 19 31 34
33 13 17 37 46 14 8 40 33 34 15 24 45 41 6 44 29 39 14 24 9 18 6 25 17 23 46 11 47 28 16 42 12 28 24 43 14 25 16 27 39 39 33 24 37 17 12 15 6 14 20 6 31 38 19 36 15 38 27 33 5 16 38 18 35 17 6 17 8
28 28 18 39 25 47 40 40 13 30 46 27 23 7 38 14 43 19 19 18 8 45 39 34 25 33 45 11 26 16 35 34 38 25 45 28 21 37 30 33 36 13 17 31 8 28 24 18 14 14 28 16 35 39 28 41 29 26 22 38 26 24 41 33 36 33 10 32 26
25 31 18 19 15 23 24 16 12 26 40 23 6 25 20 17 33 33 37 9 43 19 30 10 45 7 11 22 38 19 7 9 40 28 19 42 41 16 34 22 18 19 11 36 5 44 24 36 14 30 17 47 34 45 5 16 12 33 45 5 31 42 28 43 22 38 41 17 19
29 34 9 21 9 19 25 25 33 45 22 11 41 39 23 26 22 10 22 29 34 18 12 42 40 12 33 6 32 28 8 45 42 15 21 43 38 6 21 34 12 41 36 16 26 20 7 19 36 29 9 36 6 11 37 26 10 39 33 25 14 36 43 8 28 35 28 24 9
17 26 6 38 32 34 21 28 25 37 6 36 24 17 16 22 44 43 20 24 34 28 31 19 12 38 13 40 10 16 36 35 43 13 7 32 23 27 23 39 16 29 29 41 31 21 38 14 30 12 27 23 37 5 20 35 19 9 38 30 46 24 18 46 10 9 14 33 46
33 17 40 21 9 5 32 17 40 7 41 36 19 45 18 20 21 36 45 9 24 22 36 18 19 7 10 40 13 6 30 20 45 7 10 7 11 22 12 19 32 41 25 23 27 37 18 31 6 38 15 5 38 35 41 40 25 37 16 21 37 17 8 24 27 40 43 10 38
43 30 15 47 6 45 23 15 12 23 5 38 32 42 11 23 20 20 35 37 17 10 38 23 31 22 31 41 34 12 42 22 37 32 44 19 28 5 47 14 22 23 37 37 25 33 12 43 11 29 36 19 31 22 26 8 36 41 34 33 44 41 17 39 15 6 6 33 17
15 39 26 38 44 26 19 29 24 14 9 40 23 16 37 35 31 34 45 28 20 15 8 38 27 41 6 35 14 29 47 22 9 22 22 32 18 24 18 11 39 10 17 18 42 10 38 36 47 47 28 44 37 14 24 29 38 28 23 30 24 17 41 44 33 30 38 21 39
26 32 31 10 13 45 29 27 42 29 34 31 31 35 39 37 19 27 37 41 6 33 17 42 23 6 7 47 45 25 28 25 6 37 25 29 16 44 26 45 23 26 42 25 20 34 14 36 31 15 37 41 24 39 23 16 36 30 5 42 26 42 32 13 45 18 11 14 42
20 17 23 24 21 27 13 27 41 15 46 42 46 9 35 30 5 27 24 31 44 8 46 43 32 18 28 38 16 12 42 45 34 5 7 9 16 47 19 7 7 8 26 22 20 20 12 35 6 18 43 6 38 30 33 19 33 12 9 28 45 15 13 11 36 42 39 5 24
29 16 22 20 39 13 47 19 14 40 31 36 22 47 22 12 5 14 26 14 5 9 45 43 47 30 28 28 7 20 25 35 38 12 29 12 39 40 10 10 22 43 39 20 35 38 41 23 38 37 36 42 31 32 11 9 11 18 43 25 47 18 22 6 11 44 14 15 20
44 36 21 33 34 14 23 47 19 44 14 25 8 43 26 41 32 44 37 29 27 22 16 46 5 7 33 14 21 22 30 43 34 19 47 39 11 24 41 12 22 40 24 33 45 25 17 31 41 29 22 7 7 47 47 26 34 27 16 30 9 46 29 40 18 8 7 39 8
28 40 13 28 18 27 6 37 23 38 46 38 45 44 32 31 45 44 6 17 17 38 5 28 9 41 34 36 32 11 28 8 14 37 13 11 34 45 19 45 17 35 41 39 27 24 14 37 15 35 9 32 21 23 13 41 33 22 5 37 11 10 10 27 34 26 13 24 41
31 18 29 16 16 26 8 19 25 44 38 22 19 22 16 26 39 7 8 8 25 29 44 25 8 29 36 35 13 19 27 11 38 42 28 47 43 45 29 44 42 39 38 28 7 30 38 43 37 22 10 17 35 44 31 46 25 8 35 36 13 43 9 30 44 42 33 36 19
29 9 21 30 9 38 16 23 23 16 14 25 13 29 40 47 45 46 27 7 41 18 30 19 8 43 39 43 17 24 14 33 28 14 24 11 6 29 39 22 36 41 44 23 22 47 39 29 23 8 29 44 11 15 39 27 19 20 40 45 15 19 44 14 19 21 22 17 43
32 41 10 20 21 40 25 13 27 42 45 14 37 13 25 20 45 24 17 47 38 19 21 36 26 38 38 18 39 7 6 9 21 39 12 19 29 21 33 31 20 15 5 19 28 7 20 38 36 7 13 29 13 32 10 7 43 14 16 46 28 35 35 7 10 26 19 26 40
34 27 45 21 33 43 38 6 13 32 45 35 41 17 29 27 25 11 19 19 20 5 40 22 22 6 15 37 23 38 8 28 18 37 22 20 27 7 32 21 22 30 23 39 28 39 30 28 15 44 41 26 39 34 28 9 29 46 14 10 31 47 9 39 20 22 16 35 35
18 7 33 45 44 36 39 25 23 17 33 42 12 8 40 36 12 39 9 20 38 31 45 31 33 39 29 27 41 46 43 33 36 12 39 35 25 26 11 24 8 23 19 39 43 16 26 42 39 19 33 17 8 10 30 28 43 21 26 11 38 46 46 25 38 20 24 8 32
28 17 43 46 35 31 11 23 8 32 31 7 41 44 34 39 25 20 11 11 16 16 5 15 38 46 35 10 42 12 5 44 28 20 40 32 7 28 28 23 42 8 38 44 19 37 13 13 25 19 33 9 35 11 28 23 44 34 26 41 11 13 9 13 22 19 36 47 20
39 8 42 21 29 37 23 33 45 15 39 5 22 43 36 14 20 35 6 7 33 30 16 32 38 21 33 46 6 40 9 31 5 29 6 15 27 31 14 39 47 30 24 47 17 17 23 16 42 46 5 45 20 16 5 41 38 30 43 14 8 32 32 38 33 17 26 12 20
44 8 39 16 38 18 24 24 37 38 23 27 24 29 16 46 18 9 19 47 41 32 14 40 26 15 46 41 8 13 46 8 35 11 39 44 36 41 19 15 40 38 20 42 40 17 41 24 13 40 37 46 7 8 6 31 11 8 21 32 24 17 25 36 38 38 46 44 10
45 43 41 29 36 35 23 16 6 30 38 42 37 40 8 25 34 38 21 5 31 14 42 17 19 29 6 18 41 28 8 47 29 16 13 33 10 16 21 28 46 25 29 41 41 20 27 9 11 34 9 46 28 39 13 14 12 18 26 10 19 38 46 7 16 36 6 14 45
39 38 6 31 25 14 14 15 8 19 18 30 8 20 26 44 22 7 20 46 37 29 30 34 11 8 30 36 27 44 7 20 16 28 29 39 33 9 33 28 47 19 14 21 14 31 32 10 27 37 19 11 42 22 33 27 45 27 22 44 7 18 29 44 24 18 33 30 13
15 20 29 45 11 22 16 29 16 7 40 27 20 22 27 45 47 42 44 35 23 42 18 34 20 27 21 29 30 19 24 15 30 10 26 7 15 6 13 30 21 41 47 5 37 21 14 13 11 14 11 6 31 44 27 6 9 23 47 25 35 9 11 9 43 18 38 20 41
38 28 37 40 36 46 29 33 33 28 41 29 17 41 24 37 9 26 29 21 18 9 24 35 14 36 6 30 40 15 46 5 5 43 36 24 8 19 43 32 10 18 18 29 21 46 35 17 24 30 47 40 36 29 32 31 17 28 27 10 7 47 10 32 28 15 7 34 35
6 31 47 16 25 47 24 13 36 26 30 32 20 43 42 39 22 15 7 33 16 44 29 9 19 9 24 39 40 29 45 8 17 31 42 13 22 21 20 5 37 31 32 39 38 5 38 16 10 34 36 10 45 38 45 28 8 14 45 34 15 46 23 9 32 33 16 25 38
46 6 37 44 46 25 36 7 15 33 21 16 13 43 11 41 33 5 27 17 43 22 41 20 10 7 22 6 34 43 17 26 22 15 39 19 24 38 37 35 21 20 47 5 20 36 30 31 13 21 38 14 28 6 17 21 44 33 47 28 34 20 20 44 20 27 13 30 6
8 35 30 24 33 24 28 29 18 5 12 9 24 30 31 35 35 38 40 17 43 34 35 33 8 6 28 29 8 25 24 37 35 10 44 19 5 35 31 25 20 26 37 10 22 38 21 44 13 25 26 18 8 28 17 36 16 11 19 37 8 39 8 39 42 43 9 10 38
16 11 33 30 37 45 10 20 37 42 43 10 9 27 7 28 24 25 7 46 12 27 43 27 39 45 15 27 32 5 5 6 16 22 37 18 42 32 46 8 27 31 19 39 11 25 34 15 38 31 41 46 6 30 38 9 38 36 23 22 28 36 8 41 18 6 32 41 37